14409 4 4
23604.52 4.4 4
13465 4 4.4
7334.11999999999 3.6 4.4
3185.79999999999 3.2 4.6
2750.59999999999 3.2 5
550.799999999997 2.8 5.5
290.000000000003 2 5.7
2862.25000000001 0.999999999999997 6.35
1632.52000000001 1.6 6.6
442.000000000003 2 6.1
2362.00000000001 1.2 6.3
2.31999999999992 2.4 5.7
23.1199999999993 2.4 5.3
6.10000000000037 2.3 5.5
323.299999999998 2.7 5.5
85.9056640625014 2.175 5.65
70.4912890624989 2.525 5.55
15.4917602539058 2.4375 5.575
27.2069946289071 2.2625 5.625
3.97427749633771 2.39375 5.5875
20.8323146057125 2.49375 5.7875
2.13995765745649 2.3484375 5.571875
3.79019116461303 2.3546875 5.684375
2.34500297006465 2.364453125 5.66015625
2.42896772749945 2.383984375 5.61171875
1.99268937248059 2.3693359375 5.648046875
3.92243489350936 2.3177734375 5.519921875
1.90744758548315 2.379443359375 5.65498046875
2.05391138979364 2.400341796875 5.73115234375
1.93147830137143 2.38736572265625 5.6913330078125
2.199055103203 2.39747314453125 5.6982666015625
1.9125291391815 2.37637023925781 5.66060180664063
1.8942701343055 2.36844787597656 5.62424926757812
1.91382074691094 2.35898895263672 5.59070739746094
1.88407716437875 2.37152099609375 5.6186279296875
1.89685485880858 2.36909637451172 5.59764099121094
1.87604435887803 2.36052551269531 5.58789672851563
1.89742351930327 2.35106658935547 5.55435485839844
1.86127015630971 2.3635986328125 5.582275390625
1.87198873854134 2.36117401123047 5.56128845214844
1.85776805284221 2.35260314941406 5.55154418945313
1.88064056439999 2.34314422607422 5.51800231933594
1.83893913384654 2.35567626953125 5.5459228515625
1.84782131027014 2.35325164794922 5.52493591308594
1.83936691046025 2.34468078613281 5.51519165039063
1.83587527101542 2.34941024780273 5.53196258544922
1.83535272364608 2.35248336791992 5.5263412475586
1.86967746630584 2.35242347717285 5.51373977661133
1.81814596873296 2.34621734619141 5.51238098144531
1.81660572850411 2.34148788452148 5.49561004638672
1.81271297975567 2.34456100463867 5.4899887084961
1.82888961267429 2.34213638305664 5.46900177001954
1.797246821466 2.33356552124023 5.45925750732422
1.81203620620943 2.32410659790039 5.42571563720704
1.7905015747687 2.33663864135742 5.4536361694336
1.80542668612365 2.33421401977539 5.43264923095704
1.77774696311776 2.32564315795898 5.42290496826172
1.79312137979137 2.31618423461914 5.38936309814454
1.76866325452926 2.32871627807617 5.4172836303711
1.78256939726921 2.32629165649414 5.39629669189454
1.75806402099512 2.31772079467773 5.38655242919923
1.77373797426881 2.30826187133789 5.35301055908204
1.74715221920045 2.32079391479492 5.3809310913086
1.7602748397473 2.31836929321289 5.35994415283204
1.73816531695285 2.30979843139648 5.35019989013673
1.7538645995019 2.30033950805664 5.31665802001954
1.72593212326446 2.31287155151367 5.3445785522461
1.73850956151335 2.31044692993164 5.32359161376954
1.71802762716481 2.30187606811523 5.31384735107423
1.73348931966982 2.29241714477539 5.28030548095704
1.70497607552252 2.30494918823242 5.3082260131836
1.71724956484182 2.30252456665039 5.28723907470704
1.69763718212389 2.29395370483398 5.27749481201173
1.71260965327085 2.28449478149414 5.24395294189454
1.68426663909491 2.29702682495117 5.27187347412111
1.69648030632619 2.29460220336914 5.25088653564455
1.67698966664204 2.28603134155273 5.24114227294923
1.6912325731223 2.27657241821289 5.20760040283205
1.66379583142099 2.28910446166992 5.23552093505861
1.67619669687905 2.28667984008789 5.21453399658205
1.65609021985027 2.27810897827148 5.20478973388673
1.6693745063605 2.26865005493164 5.17124786376955
1.64356512425915 2.28118209838867 5.19916839599611
1.65640310173203 2.27875747680664 5.17818145751955
1.63495343519864 2.27018661499023 5.16843719482423
1.64706133444091 2.26072769165039 5.13489532470705
1.62358544368685 2.27325973510742 5.16281585693361
1.63711334043578 2.27083511352539 5.14182891845705
1.61360336045627 2.26226425170898 5.13208465576174
1.62432839313801 2.25280532836914 5.09854278564455
1.60387717010059 2.26533737182617 5.12646331787111
1.61835068686007 2.26291275024414 5.10547637939455
1.59207349771133 2.25434188842773 5.09573211669924
1.60122047254531 2.24488296508789 5.06219024658205
1.58447013821596 2.25741500854492 5.09011077880861
1.60014786919369 2.25499038696289 5.06912384033205
1.57040680337106 2.24641952514648 5.05937957763674
1.57779181707541 2.23696060180664 5.02583770751955
1.56540363706756 2.24949264526367 5.05375823974611
1.58254706994445 2.24706802368164 5.03277130126955
1.54865568816175 2.23849716186523 5.02302703857424
1.55410612545996 2.22903823852539 4.98948516845705
1.54672641000907 2.24157028198242 5.01740570068362
1.56559992593929 2.23914566040039 4.99641876220706
1.52688201712872 2.23057479858398 4.98667449951174
1.53023655074965 2.22111587524414 4.95313262939455
1.52849665471324 2.23364791870117 4.98105316162112
1.5258122425369 2.23486022949219 4.9915466308594
1.52107378813896 2.22386474609375 4.96081542968752
1.54511957501409 2.21501197814941 4.93252029418948
1.50845984521281 2.22815017700195 4.96568756103518
1.50702340042959 2.22693786621094 4.9551940917969
1.49829055648948 2.2159423828125 4.92446289062502
1.50556247150111 2.20648345947265 4.89092102050784
1.48869058967852 2.21901550292969 4.9188415527344
1.50387261941794 2.21659088134766 4.89785461425784
1.47558888342541 2.20802001953125 4.88811035156253
1.48021961871802 2.1985610961914 4.85456848144534
1.47089892417701 2.21109313964844 4.8824890136719
1.48881719638553 2.20866851806641 4.86150207519534
1.45306700453171 2.20009765625 4.85175781250003
1.45493865752118 2.19063873291015 4.81821594238284
1.45374297213738 2.20317077636719 4.8461364746094
1.45125410347421 2.2043830871582 4.85662994384768
1.44652291424957 2.19338760375976 4.82589874267581
1.46769547380708 2.18453483581543 4.79760360717776
1.43452152100064 2.19767303466797 4.83077087402347
1.43325074352733 2.19646072387695 4.82027740478519
1.42298462854454 2.18546524047851 4.78954620361331
1.42709439134949 2.17600631713867 4.75600433349612
1.41595883215399 2.1885383605957 4.78392486572269
1.4329653438281 2.18611373901367 4.76293792724613
1.39983379747663 2.17754287719726 4.75319366455081
1.40076283098356 2.16808395385742 4.71965179443363
1.39949985378706 2.18061599731445 4.74757232666019
1.42029158850806 2.17819137573242 4.72658538818363
1.3772050271704 2.16962051391601 4.71684112548831
1.37487885348222 2.16016159057617 4.68329925537113
1.35347846488762 2.16323471069336 4.6776779174805
1.34420253486263 2.15608062744141 4.63992004394535
1.31139613711547 2.13562622070312 4.57564697265629
1.29840362737961 2.11313133239746 4.48968429565434
1.23031255038286 2.10905036926269 4.44630508422856
1.19123318725225 2.08349475860595 4.32780799865727
1.10163138212419 2.04054546356201 4.17757225036626
0.988323051337873 1.98277788162231 3.94639835357672
0.999917531229323 1.95314130783081 3.78452205657965
1.00022444277592 1.99313881397247 3.96081261634832
0.807078268553304 1.85242443084716 3.4031124114991
1.12090538898655 1.73688926696776 2.94076461792001
0.830175718902947 1.88206100463866 3.56498870849616
0.820750206452265 1.8998310804367 3.61987204551703
0.888739210122912 1.76947762966155 3.07658610343941
0.75863156300285 1.82280269265174 3.29403916597374
1.16001886143395 1.7753960430622 3.0772795319558
0.760918201265066 1.86872232109307 3.48422391712673
0.709188151513096 1.83910058289765 3.37515067160137
0.694068587579502 1.8324386589229 3.3611698016525
0.661317216944453 1.78651903048157 3.17098505049952
0.658792309337139 1.74541738517581 3.01436561718591
0.57027042564897 1.75505335144697 3.08149625286468
0.536402774378299 1.72117868084459 2.97522479631015
0.578974347529004 1.6341574070975 2.62842061184356
0.521917739128595 1.68372772005385 2.81160790929579
0.46938535441504 1.65948901572263 2.77246708842003
0.527292451822907 1.61652483099604 2.65151782403709
0.436025715610162 1.62203805493189 2.60885020140567
0.548543140812794 1.57246774197554 2.42566290395344
0.385408977486351 1.59779935060067 2.56970938052991
0.405484081235762 1.55483516587408 2.44876011614696
0.395755456136802 1.56034838980993 2.40609249351555
0.364768061723441 1.58513354628811 2.49768614224167
0.363676853189057 1.56089484195688 2.45854532136591
0.453498248957202 1.53032323546938 2.38339288134602
0.311561332538554 1.54822903764432 2.38652208307767
0.341348407778365 1.52344388116615 2.29492843435155
0.336242231800122 1.5239903333131 2.3473812622019
0.315112517631238 1.53927613655685 2.38495748221185
0.308311560712652 1.52661033224429 2.31293424392361
0.406746359923315 1.50946807738799 2.24012870520246
0.475666883350026 1.53556323333176 2.31449884478943
0.289887118931454 1.53834791075058 2.36734282285624
0.271514835489743 1.51672920535054 2.29375498370218
0.254079834251563 1.50097928920366 2.24737143401444
0.281016456771631 1.51271686770995 2.30178001294707
0.26974223514656 1.51619023384353 2.30456857069121
0.229806604986024 1.47882161229661 2.1845971818494
0.205938603942989 1.44905846306962 2.09322436134598
0.227790772627211 1.43384751842975 2.03602722466922
0.22142615726384 1.45443319728319 2.10316256117472
0.194507939555818 1.40251237114916 1.94901548850626
0.224196737832584 1.35327891212192 1.79983751575217
0.174401351890512 1.39713763693559 1.93907728867753
0.160527547434086 1.36848985676179 1.85703465242894
0.224122989244036 1.32194376484133 1.71282577958921
0.185268044376234 1.41727978851255 1.99812471590679
0.152152262359434 1.38325727412518 1.90614387982947
0.140061657358526 1.37362972561319 1.88470807549107
0.11893624675654 1.32483979386243 1.74361801201322
0.111868511476443 1.27861979653737 1.61636466006643
0.08212018404522 1.28375966538877 1.64403808312857
0.0595108564902119 1.24139456970226 1.53753979847839
0.223940714090859 1.14638464062644 1.26919638305375
0.101385611519396 1.3168184543665 1.73083015238174
0.0996242602815948 1.27959322753139 1.6520052907937
0.0820800935507058 1.27934986978289 1.64309513311188
0.0415992764214526 1.20392598511864 1.44980477920853
0.0272524821392727 1.14747975049471 1.30929209262192
0.086566915749026 1.10952445041408 1.20373675798842
0.0572407686802558 1.23689351494069 1.53325553933102
0.0206368034296062 1.14297869573313 1.30500783347455
0.0145577456558044 1.09377075874857 1.18874185097262
0.193219385929352 1.0043569943026 0.964778404263525
0.032231331000671 1.17875938478116 1.39113625556414
0.0522598379760569 1.06249112446212 1.1068976880304
0.0227021931350125 1.1496923197014 1.32007661368071
0.00948606762701293 1.09598332795526 1.19952637203141
0.00499068499935582 1.07023511668554 1.14464351173616
0.0243019768656226 1.01431355573271 1.01330874902808
0.0137204071527022 1.11584762870923 1.24338464751755
0.0122924847790381 1.0923119866462 1.19928630828109
0.00932222167890376 1.09267667967179 1.19665019395397
0.00246017345459517 1.04706416764811 1.09790905817259
0.000171759719905942 1.01267243711754 1.0251712635001
0.00556049343688085 0.990230874131293 0.973164581282293
0.00109177388933637 1.01584232551642 1.02903598445021
0.00937260848563129 0.958279645948419 0.909563736214153
0.00180104096187787 1.04224624900126 1.08587356785566
0.00211743305938339 0.9862685136327 0.968333680094656
0.000864294396385391 1.02825181515912 1.05648859591541
0.000964329266848225 1.02508192676025 1.0526238749653
0.000562692544999581 1.02277202644929 1.04672690233653
0.000146317385174117 1.00719264840771 1.01540956992122
0.000246080182244846 0.996663065032007 0.994870056924129
2.00536875017247e-05 0.997093059075965 0.993853931084798
0.000426882033487737 0.984253575389304 0.967417445458932
